0 653 0 719 72 
0 266 206 372 305 
0 1 29 63 111 
0 313 435 435 522 
0 125 6 201 69 
0 709 354 800 468 
0 646 140 784 264 
0 203 281 309 410 
0 143 62 208 148 
0 56 621 174 684 
0 143 581 240 682 
0 149 312 247 435 
0 393 125 495 218 
0 678 263 800 379 
0 487 542 589 647 
0 55 113 158 219 
0 127 208 244 321 
0 40 479 160 592 
0 22 202 137 312 
0 332 326 469 466 
0 444 273 571 389 
0 344 557 470 681 
0 150 85 266 203 
0 356 0 480 111 
0 257 93 374 204 
0 261 472 399 606 
0 247 0 364 97 
0 556 209 698 348 
0 502 366 636 500 
